date,day_type,holiday,notes,period
20230101,3,1,Dia de Ano Novo,2
20230102,1,0,,2
20230103,1,0,,1
20230104,1,0,,1
20230105,1,0,,1
20230106,1,0,,1
20230107,2,0,,1
20230108,3,0,,1
20230109,1,0,,1
20230110,1,0,,1
20230111,1,0,,1
20230112,1,0,,1
20230113,1,0,,1
20230114,2,0,,1
20230115,3,0,,1
20230116,1,0,,1
20230117,1,0,,1
20230118,1,0,,1
20230119,1,0,,1
20230120,1,0,,1
20230121,2,0,,1
20230122,3,0,,1
20230123,1,0,,1
20230124,1,0,,1
20230125,1,0,,1
20230126,1,0,,1
20230127,1,0,,1
20230128,2,0,,1
20230129,3,0,,1
20230130,1,0,,1
20230131,1,0,,1
20230201,1,0,,1
20230202,1,0,,1
20230203,1,0,,1
20230204,2,0,,1
20230205,3,0,,1
20230206,1,0,,1
20230207,1,0,,1
20230208,1,0,,1
20230209,1,0,,1
20230210,1,0,,1
20230211,2,0,,1
20230212,3,0,,1
20230213,1,0,,1
20230214,1,0,,1
20230215,1,0,,1
20230216,1,0,,1
20230217,1,0,,1
20230218,2,0,,1
20230219,3,0,,1
20230220,1,0,,2
20230221,1,0,Terça-feira de Carnaval,2
20230222,1,0,,2
20230223,1,0,,1
20230224,1,0,,1
20230225,2,0,,1
20230226,3,0,,1
20230227,1,0,,1
20230228,1,0,,1
20230301,1,0,,1
20230302,1,0,,1
20230303,1,0,,1
20230304,2,0,,1
20230305,3,0,,1
20230306,1,0,,1
20230307,1,0,,1
20230308,1,0,,1
20230309,1,0,,1
20230310,1,0,,1
20230311,2,0,,1
20230312,3,0,,1
20230313,1,0,,1
20230314,1,0,,1
20230315,1,0,,1
20230316,1,0,,1
20230317,1,0,,1
20230318,2,0,,1
20230319,3,0,,1
20230320,1,0,,1
20230321,1,0,,1
20230322,1,0,,1
20230323,1,0,,1
20230324,1,0,,1
20230325,2,0,,2
20230326,3,0,,2
20230327,1,0,,2
20230328,1,0,,2
20230329,1,0,,2
20230330,1,0,,2
20230331,1,0,,2
20230401,2,0,,2
20230402,3,0,,2
20230403,1,0,,2
20230404,1,0,,2
20230405,1,0,,2
20230406,1,0,,2
20230407,3,1,Sexta-feira Santa,2
20230408,2,0,,2
20230409,3,1,Domingo de Páscoa,2
20230410,1,0,,1
20230411,1,0,,1
20230412,1,0,,1
20230413,1,0,,1
20230414,1,0,,1
20230415,2,0,,1
20230416,3,0,,1
20230417,1,0,,1
20230418,1,0,,1
20230419,1,0,,1
20230420,1,0,,1
20230421,1,0,,1
20230422,2,0,,1
20230423,3,0,,1
20230424,1,0,,1
20230425,3,1,25 de Abril,1
20230426,1,0,,1
20230427,1,0,,1
20230428,1,0,,1
20230429,2,0,,1
20230430,3,0,,1
20230501,3,1,Dia do Trabalhador,1
20230502,1,0,,1
20230503,1,0,,1
20230504,1,0,,1
20230505,1,0,,1
20230506,2,0,,1
20230507,3,0,,1
20230508,1,0,,1
20230509,1,0,,1
20230510,1,0,,1
20230511,1,0,,1
20230512,1,0,,1
20230513,2,0,,1
20230514,3,0,,1
20230515,1,0,,1
20230516,1,0,,1
20230517,1,0,,1
20230518,1,0,,1
20230519,1,0,,1
20230520,2,0,,1
20230521,3,0,,1
20230522,1,0,,1
20230523,1,0,,1
20230524,1,0,,1
20230525,1,0,,1
20230526,1,0,,1
20230527,2,0,,1
20230528,3,0,,1
20230529,1,0,,1
20230530,1,0,,1
20230531,1,0,,1
20230601,1,0,,1
20230602,1,0,,1
20230603,2,0,,1
20230604,3,0,,1
20230605,1,0,,1
20230606,1,0,,1
20230607,1,0,,1
20230608,3,1,Corpo de Deus,1
20230609,1,0,,1
20230610,3,1,Dia de Portugal,1
20230611,3,0,,1
20230612,1,0,,1
20230613,1,0,,1
20230614,1,0,,1
20230615,1,0,,1
20230616,1,0,,1
20230617,2,0,,1
20230618,3,0,,1
20230619,1,0,,1
20230620,1,0,,1
20230621,1,0,,1
20230622,1,0,,1
20230623,1,0,,1
20230624,2,0,,1
20230625,3,0,,1
20230626,1,0,,1
20230627,1,0,,1
20230628,1,0,,1
20230629,1,0,,1
20230630,1,0,,1
20230701,2,0,,3
20230702,3,0,,3
20230703,1,0,,3
20230704,1,0,,3
20230705,1,0,,3
20230706,1,0,,3
20230707,1,0,,3
20230708,2,0,,3
20230709,3,0,,3
20230710,1,0,,3
20230711,1,0,,3
20230712,1,0,,3
20230713,1,0,,3
20230714,1,0,,3
20230715,2,0,,3
20230716,3,0,,3
20230717,1,0,,3
20230718,1,0,,3
20230719,1,0,,3
20230720,1,0,,3
20230721,1,0,,3
20230722,2,0,,3
20230723,3,0,,3
20230724,1,0,,3
20230725,1,0,,3
20230726,1,0,,3
20230727,1,0,,3
20230728,1,0,,3
20230729,2,0,,3
20230730,3,0,,3
20230731,1,0,,3
20230801,1,0,,3
20230802,1,0,,3
20230803,1,0,,3
20230804,1,0,,3
20230805,2,0,,3
20230806,3,0,,3
20230807,1,0,,3
20230808,1,0,,3
20230809,1,0,,3
20230810,1,0,,3
20230811,1,0,,3
20230812,2,0,,3
20230813,3,0,,3
20230814,1,0,,3
20230815,3,1,Assunção de Nossa Senhora,3
20230816,1,0,,3
20230817,1,0,,3
20230818,1,0,,3
20230819,2,0,,3
20230820,3,0,,3
20230821,1,0,,3
20230822,1,0,,3
20230823,1,0,,3
20230824,1,0,,3
20230825,1,0,,3
20230826,2,0,,3
20230827,3,0,,3
20230828,1,0,,3
20230829,1,0,,3
20230830,1,0,,3
20230831,1,0,,3
20230901,1,0,,2
20230902,2,0,,2
20230903,3,0,,2
20230904,1,0,,2
20230905,1,0,,2
20230906,1,0,,2
20230907,1,0,,2
20230908,1,0,,2
20230909,2,0,,2
20230910,3,0,,2
20230911,1,0,,1
20230912,1,0,,1
20230913,1,0,,1
20230914,1,0,,1
20230915,1,0,,1
20230916,2,0,,1
20230917,3,0,,1
20230918,1,0,,1
20230919,1,0,,1
20230920,1,0,,1
20230921,1,0,,1
20230922,1,0,,1
20230923,2,0,,1
20230924,3,0,,1
20230925,1,0,,1
20230926,1,0,,1
20230927,1,0,,1
20230928,1,0,,1
20230929,1,0,,1
20230930,2,0,,1
20231001,3,0,,1
20231002,1,0,,1
20231003,1,0,,1
20231004,1,0,,1
20231005,3,1,Implantação da República,1
20231006,1,0,,1
20231007,2,0,,1
20231008,3,0,,1
20231009,1,0,,1
20231010,1,0,,1
20231011,1,0,,1
20231012,1,0,,1
20231013,1,0,,1
20231014,2,0,,1
20231015,3,0,,1
20231016,1,0,,1
20231017,1,0,,1
20231018,1,0,,1
20231019,1,0,,1
20231020,1,0,,1
20231021,2,0,,1
20231022,3,0,,1
20231023,1,0,,1
20231024,1,0,,1
20231025,1,0,,1
20231026,1,0,,1
20231027,1,0,,1
20231028,2,0,,1
20231029,3,0,,1
20231030,1,0,,1
20231031,1,0,,1
20231101,3,1,Dia de todos os Santos,1
20231102,1,0,,1
20231103,1,0,,1
20231104,2,0,,1
20231105,3,0,,1
20231106,1,0,,1
20231107,1,0,,1
20231108,1,0,,1
20231109,1,0,,1
20231110,1,0,,1
20231111,2,0,,1
20231112,3,0,,1
20231113,1,0,,1
20231114,1,0,,1
20231115,1,0,,1
20231116,1,0,,1
20231117,1,0,,1
20231118,2,0,,1
20231119,3,0,,1
20231120,1,0,,1
20231121,1,0,,1
20231122,1,0,,1
20231123,1,0,,1
20231124,1,0,,1
20231125,2,0,,1
20231126,3,0,,1
20231127,1,0,,1
20231128,1,0,,1
20231129,1,0,,1
20231130,1,0,,1
20231201,3,1,Restauração da Independência,1
20231202,2,0,,1
20231203,3,0,,1
20231204,1,0,,1
20231205,1,0,,1
20231206,1,0,,1
20231207,1,0,,1
20231208,3,1,Dia da Imaculada Conceição,1
20231209,2,0,,1
20231210,3,0,,1
20231211,1,0,,1
20231212,1,0,,1
20231213,1,0,,1
20231214,1,0,,1
20231215,1,0,,1
20231216,2,0,,1
20231217,3,0,,1
20231218,1,0,,1
20231219,1,0,,1
20231220,1,0,,1
20231221,1,0,,1
20231222,1,0,,1
20231223,2,0,,2
20231224,3,0,,2
20231225,3,1,Dia de Natal,2
20231226,1,0,,2
20231227,1,0,,2
20231228,1,0,,2
20231229,1,0,,2
20231230,2,0,,2
20231231,3,0,,2
20240101,3,1,Dia de Ano Novo,2
20240102,1,0,,2
20240103,1,0,,1
20240104,1,0,,1
20240105,1,0,,1
20240106,2,0,,1
20240107,3,0,,1
20240108,1,0,,1
20240109,1,0,,1
20240110,1,0,,1
20240111,1,0,,1
20240112,1,0,,1
20240113,2,0,,1
20240114,3,0,,1
20240115,1,0,,1
20240116,1,0,,1
20240117,1,0,,1
20240118,1,0,,1
20240119,1,0,,1
20240120,2,0,,1
20240121,3,0,,1
20240122,1,0,,1
20240123,1,0,,1
20240124,1,0,,1
20240125,1,0,,1
20240126,1,0,,1
20240127,2,0,,1
20240128,3,0,,1
20240129,1,0,,1
20240130,1,0,,1
20240131,1,0,,1
20240201,1,0,,1
20240202,1,0,,1
20240203,2,0,,1
20240204,3,0,,1
20240205,1,0,,1
20240206,1,0,,1
20240207,1,0,,1
20240208,1,0,,1
20240209,1,0,,1
20240210,2,0,,1
20240211,3,0,,1
20240212,1,0,,2
20240213,1,0,Terça-feira de Carnaval,2
20240214,1,0,,2
20240215,1,0,,1
20240216,1,0,,1
20240217,2,0,,1
20240218,3,0,,1
20240219,1,0,,1
20240220,1,0,,1
20240221,1,0,,1
20240222,1,0,,1
20240223,1,0,,1
20240224,2,0,,1
20240225,3,0,,1
20240226,1,0,,1
20240227,1,0,,1
20240228,1,0,,1
20240229,1,0,,1
20240301,1,0,,1
20240302,2,0,,1
20240303,3,0,,1
20240304,1,0,,1
20240305,1,0,,1
20240306,1,0,,1
20240307,1,0,,1
20240308,1,0,,1
20240309,2,0,,1
20240310,3,0,,1
20240311,1,0,,1
20240312,1,0,,1
20240313,1,0,,1
20240314,1,0,,1
20240315,1,0,,1
20240316,2,0,,1
20240317,3,0,,1
20240318,1,0,,1
20240319,1,0,,1
20240320,1,0,,1
20240321,1,0,,1
20240322,1,0,,1
20240323,2,0,,1
20240324,3,0,,1
20240325,1,0,,1
20240326,1,0,,1
20240327,1,0,,1
20240328,1,0,,2
20240329,3,1,Sexta-feira Santa,2
20240330,2,0,,2
20240331,3,1,Domingo de Páscoa,2
20240401,1,0,,2
20240402,1,0,,2
20240403,1,0,,1
20240404,1,0,,1
20240405,1,0,,1
20240406,2,0,,1
20240407,3,0,,1
20240408,1,0,,1
20240409,1,0,,1
20240410,1,0,,1
20240411,1,0,,1
20240412,1,0,,1
20240413,2,0,,1
20240414,3,0,,1
20240415,1,0,,1
20240416,1,0,,1
20240417,1,0,,1
20240418,1,0,,1
20240419,1,0,,1
20240420,2,0,,1
20240421,3,0,,1
20240422,1,0,,1
20240423,1,0,,1
20240424,1,0,,1
20240425,3,1,25 de Abril,1
20240426,1,0,,1
20240427,2,0,,1
20240428,3,0,,1
20240429,1,0,,1
20240430,1,0,,1
20240501,3,1,Dia do Trabalhador,1
20240502,1,0,,1
20240503,1,0,,1
20240504,2,0,,1
20240505,3,0,,1
20240506,1,0,,1
20240507,1,0,,1
20240508,1,0,,1
20240509,1,0,,1
20240510,1,0,,1
20240511,2,0,,1
20240512,3,0,,1
20240513,1,0,,1
20240514,1,0,,1
20240515,1,0,,1
20240516,1,0,,1
20240517,1,0,,1
20240518,2,0,,1
20240519,3,0,,1
20240520,1,0,,1
20240521,1,0,,1
20240522,1,0,,1
20240523,1,0,,1
20240524,1,0,,1
20240525,2,0,,1
20240526,3,0,,1
20240527,1,0,,1
20240528,1,0,,1
20240529,1,0,,1
20240530,3,1,Corpo de Deus,1
20240531,1,0,,1
20240601,2,0,,1
20240602,3,0,,1
20240603,1,0,,1
20240604,1,0,,1
20240605,1,0,,1
20240606,1,0,,1
20240607,1,0,,1
20240608,2,0,,1
20240609,3,0,,1
20240610,3,1,Dia de Portugal,1
20240611,1,0,,1
20240612,1,0,,1
20240613,1,0,,1
20240614,1,0,,1
20240615,2,0,,1
20240616,3,0,,1
20240617,1,0,,1
20240618,1,0,,1
20240619,1,0,,1
20240620,1,0,,1
20240621,1,0,,1
20240622,2,0,,1
20240623,3,0,,1
20240624,1,0,,1
20240625,1,0,,1
20240626,1,0,,1
20240627,1,0,,1
20240628,1,0,,1
20240629,2,0,,1
20240630,3,0,,1
20240701,1,0,,3
20240702,1,0,,3
20240703,1,0,,3
20240704,1,0,,3
20240705,1,0,,3
20240706,2,0,,3
20240707,3,0,,3
20240708,1,0,,3
20240709,1,0,,3
20240710,1,0,,3
20240711,1,0,,3
20240712,1,0,,3
20240713,2,0,,3
20240714,3,0,,3
20240715,1,0,,3
20240716,1,0,,3
20240717,1,0,,3
20240718,1,0,,3
20240719,1,0,,3
20240720,2,0,,3
20240721,3,0,,3
20240722,1,0,,3
20240723,1,0,,3
20240724,1,0,,3
20240725,1,0,,3
20240726,1,0,,3
20240727,2,0,,3
20240728,3,0,,3
20240729,1,0,,3
20240730,1,0,,3
20240731,1,0,,3
20240801,1,0,,3
20240802,1,0,,3
20240803,2,0,,3
20240804,3,0,,3
20240805,1,0,,3
20240806,1,0,,3
20240807,1,0,,3
20240808,1,0,,3
20240809,1,0,,3
20240810,2,0,,3
20240811,3,0,,3
20240812,1,0,,3
20240813,1,0,,3
20240814,1,0,,3
20240815,3,1,Assunção de Nossa Senhora,3
20240816,1,0,,3
20240817,2,0,,3
20240818,3,0,,3
20240819,1,0,,3
20240820,1,0,,3
20240821,1,0,,3
20240822,1,0,,3
20240823,1,0,,3
20240824,2,0,,3
20240825,3,0,,3
20240826,1,0,,3
20240827,1,0,,3
20240828,1,0,,3
20240829,1,0,,3
20240830,1,0,,3
20240831,2,0,,3
20240901,3,0,,3
20240902,1,0,,2
20240903,1,0,,2
20240904,1,0,,2
20240905,1,0,,2
20240906,1,0,,2
20240907,2,0,,2
20240908,3,0,,2
20240909,1,0,,1
20240910,1,0,,1
20240911,1,0,,1
20240912,1,0,,1
20240913,1,0,,1
20240914,2,0,,1
20240915,3,0,,1
20240916,1,0,,1
20240917,1,0,,1
20240918,1,0,,1
20240919,1,0,,1
20240920,1,0,,1
20240921,2,0,,1
20240922,3,0,,1
20240923,1,0,,1
20240924,1,0,,1
20240925,1,0,,1
20240926,1,0,,1
20240927,1,0,,1
20240928,2,0,,1
20240929,3,0,,1
20240930,1,0,,1
20241001,1,0,,1
20241002,1,0,,1
20241003,1,0,,1
20241004,1,0,,1
20241005,3,1,Implantação da República,1
20241006,3,0,,1
20241007,1,0,,1
20241008,1,0,,1
20241009,1,0,,1
20241010,1,0,,1
20241011,1,0,,1
20241012,2,0,,1
20241013,3,0,,1
20241014,1,0,,1
20241015,1,0,,1
20241016,1,0,,1
20241017,1,0,,1
20241018,1,0,,1
20241019,2,0,,1
20241020,3,0,,1
20241021,1,0,,1
20241022,1,0,,1
20241023,1,0,,1
20241024,1,0,,1
20241025,1,0,,1
20241026,2,0,,1
20241027,3,0,,1
20241028,1,0,,1
20241029,1,0,,1
20241030,1,0,,1
20241031,1,0,,1
20241101,3,1,Dia de todos os Santos,1
20241102,2,0,,1
20241103,3,0,,1
20241104,1,0,,1
20241105,1,0,,1
20241106,1,0,,1
20241107,1,0,,1
20241108,1,0,,1
20241109,2,0,,1
20241110,3,0,,1
20241111,1,0,,1
20241112,1,0,,1
20241113,1,0,,1
20241114,1,0,,1
20241115,1,0,,1
20241116,2,0,,1
20241117,3,0,,1
20241118,1,0,,1
20241119,1,0,,1
20241120,1,0,,1
20241121,1,0,,1
20241122,1,0,,1
20241123,2,0,,1
20241124,3,0,,1
20241125,1,0,,1
20241126,1,0,,1
20241127,1,0,,1
20241128,1,0,,1
20241129,1,0,,1
20241130,2,0,,1
20241201,3,1,Restauração da Independência,1
20241202,1,0,,1
20241203,1,0,,1
20241204,1,0,,1
20241205,1,0,,1
20241206,1,0,,1
20241207,2,0,,1
20241208,3,1,Dia da Imaculada Conceição,1
20241209,1,0,,1
20241210,1,0,,1
20241211,1,0,,1
20241212,1,0,,1
20241213,1,0,,1
20241214,2,0,,1
20241215,3,0,,1
20241216,1,0,,1
20241217,1,0,,1
20241218,1,0,,1
20241219,1,0,,1
20241220,1,0,,1
20241221,2,0,,2
20241222,3,0,,2
20241223,1,0,,2
20241224,1,0,,2
20241225,3,1,Dia de Natal,2
20241226,1,0,,2
20241227,1,0,,2
20241228,2,0,,2
20241229,3,0,,2
20241230,1,0,,2
20241231,1,0,,2
20250101,3,1,Dia de Ano Novo,2
20250102,1,0,,2
20250103,1,0,,1
20250104,2,0,,1
20250105,3,0,,1
20250106,1,0,,1
20250107,1,0,,1
20250108,1,0,,1
20250109,1,0,,1
20250110,1,0,,1
20250111,2,0,,1
20250112,3,0,,1
20250113,1,0,,1
20250114,1,0,,1
20250115,1,0,,1
20250116,1,0,,1
20250117,1,0,,1
20250118,2,0,,1
20250119,3,0,,1
20250120,1,0,,1
20250121,1,0,,1
20250122,1,0,,1
20250123,1,0,,1
20250124,1,0,,1
20250125,2,0,,1
20250126,3,0,,1
20250127,1,0,,1
20250128,1,0,,1
20250129,1,0,,1
20250130,1,0,,1
20250131,1,0,,1
20250201,2,0,,1
20250202,3,0,,1
20250203,1,0,,1
20250204,1,0,,1
20250205,1,0,,1
20250206,1,0,,1
20250207,1,0,,1
20250208,2,0,,1
20250209,3,0,,1
20250210,1,0,,1
20250211,1,0,,1
20250212,1,0,,2
20250213,1,0,,2
20250214,1,0,,2
20250215,2,0,,1
20250216,3,0,,1
20250217,1,0,,1
20250218,1,0,,1
20250219,1,0,,1
20250220,1,0,,1
20250221,1,0,,1
20250222,2,0,,1
20250223,3,0,,1
20250224,1,0,,1
20250225,1,0,,1
20250226,1,0,,1
20250227,1,0,,1
20250228,1,0,,1
20250301,2,0,,1
20250302,3,0,,1
20250303,1,0,,2
20250304,1,0,,2
20250305,1,0,,1
20250306,1,0,,1
20250307,1,0,,1
20250308,2,0,,1
20250309,3,0,,1
20250310,1,0,,1
20250311,1,0,,1
20250312,1,0,,1
20250313,1,0,,1
20250314,1,0,,1
20250315,2,0,,1
20250316,3,0,,1
20250317,1,0,,1
20250318,1,0,,1
20250319,1,0,,1
20250320,1,0,,1
20250321,1,0,,1
20250322,2,0,,1
20250323,3,0,,1
20250324,1,0,,1
20250325,1,0,,1
20250326,1,0,,1
20250327,1,0,,1
20250328,1,0,,1
20250329,2,0,,1
20250330,3,0,,1
20250331,1,0,,1
20250401,1,0,,1
20250402,1,0,,1
20250403,1,0,,1
20250404,1,0,,1
20250405,2,0,,1
20250406,3,0,,1
20250407,1,0,,1
20250408,1,0,,1
20250409,1,0,,1
20250410,1,0,,1
20250411,1,0,,1
20250412,2,0,,1
20250413,3,0,,1
20250414,1,0,,1
20250415,1,0,,1
20250416,1,0,,1
20250417,1,0,,2
20250418,3,1,Sexta-feira Santa,2
20250419,2,0,,2
20250420,3,1,Domingo de Páscoa,2
20250421,1,0,,2
20250422,1,0,,2
20250423,1,0,,1
20250424,1,0,,1
20250425,3,1,25 de Abril,1
20250426,2,0,,1
20250427,3,0,,1
20250428,1,0,,1
20250429,1,0,,1
20250430,1,0,,1
20250501,3,1,Dia do Trabalhador,1
20250502,1,0,,1
20250503,2,0,,1
20250504,3,0,,1
20250505,1,0,,1
20250506,1,0,,1
20250507,1,0,,1
20250508,1,0,,1
20250509,1,0,,1
20250510,2,0,,1
20250511,3,0,,1
20250512,1,0,,1
20250513,1,0,,1
20250514,1,0,,1
20250515,1,0,,1
20250516,1,0,,1
20250517,2,0,,1
20250518,3,0,,1
20250519,1,0,,1
20250520,1,0,,1
20250521,1,0,,1
20250522,1,0,,1
20250523,1,0,,1
20250524,2,0,,1
20250525,3,0,,1
20250526,1,0,,1
20250527,1,0,,1
20250528,1,0,,1
20250529,1,0,,1
20250530,1,0,,1
20250531,2,0,,1
20250601,3,0,,1
20250602,1,0,,1
20250603,1,0,,1
20250604,1,0,,1
20250605,1,0,,1
20250606,1,0,,1
20250607,2,0,,1
20250608,3,0,,1
20250609,1,0,,1
20250610,3,1,Dia de Portugal,1
20250611,1,0,,1
20250612,1,0,,1
20250613,1,0,,1
20250614,2,0,,1
20250615,3,0,,1
20250616,1,0,,1
20250617,1,0,,1
20250618,1,0,,1
20250619,3,1,Corpo de Deus,1
20250620,1,0,,1
20250621,2,0,,1
20250622,3,0,,1
20250623,1,0,,1
20250624,1,0,,1
20250625,1,0,,1
20250626,1,0,,1
20250627,1,0,,1
20250628,2,0,,1
20250629,3,0,,1
20250630,1,0,,1
20250701,1,0,,3
20250702,1,0,,3
20250703,1,0,,3
20250704,1,0,,3
20250705,2,0,,3
20250706,3,0,,3
20250707,1,0,,3
20250708,1,0,,3
20250709,1,0,,3
20250710,1,0,,3
20250711,1,0,,3
20250712,2,0,,3
20250713,3,0,,3
20250714,1,0,,3
20250715,1,0,,3
20250716,1,0,,3
20250717,1,0,,3
20250718,1,0,,3
20250719,2,0,,3
20250720,3,0,,3
20250721,1,0,,3
20250722,1,0,,3
20250723,1,0,,3
20250724,1,0,,3
20250725,1,0,,3
20250726,2,0,,3
20250727,3,0,,3
20250728,1,0,,3
20250729,1,0,,3
20250730,1,0,,3
20250731,1,0,,3
20250801,1,0,,3
20250802,2,0,,3
20250803,3,0,,3
20250804,1,0,,3
20250805,1,0,,3
20250806,1,0,,3
20250807,1,0,,3
20250808,1,0,,3
20250809,2,0,,3
20250810,3,0,,3
20250811,1,0,,3
20250812,1,0,,3
20250813,1,0,,3
20250814,1,0,,3
20250815,3,1,Assunção de Nossa Senhora,3
20250816,2,0,,3
20250817,3,0,,3
20250818,1,0,,3
20250819,1,0,,3
20250820,1,0,,3
20250821,1,0,,3
20250822,1,0,,3
20250823,2,0,,3
20250824,3,0,,3
20250825,1,0,,3
20250826,1,0,,3
20250827,1,0,,3
20250828,1,0,,3
20250829,1,0,,3
20250830,2,0,,3
20250831,3,0,,3
20250901,1,0,,2
20250902,1,0,,2
20250903,1,0,,2
20250904,1,0,,2
20250905,1,0,,2
20250906,2,0,,2
20250907,3,0,,2
20250908,1,0,,2
20250909,1,0,,2
20250910,1,0,,2
20250911,1,0,,1
20250912,1,0,,1
20250913,2,0,,1
20250914,3,0,,1
20250915,1,0,,1
20250916,1,0,,1
20250917,1,0,,1
20250918,1,0,,1
20250919,1,0,,1
20250920,2,0,,1
20250921,3,0,,1
20250922,1,0,,1
20250923,1,0,,1
20250924,1,0,,1
20250925,1,0,,1
20250926,1,0,,1
20250927,2,0,,1
20250928,3,0,,1
20250929,1,0,,1
20250930,1,0,,1
20251001,1,0,,1
20251002,1,0,,1
20251003,1,0,,1
20251004,2,0,,1
20251005,3,1,Implantação da República,1
20251006,1,0,,1
20251007,1,0,,1
20251008,1,0,,1
20251009,1,0,,1
20251010,1,0,,1
20251011,2,0,,1
20251012,3,0,,1
20251013,1,0,,1
20251014,1,0,,1
20251015,1,0,,1
20251016,1,0,,1
20251017,1,0,,1
20251018,2,0,,1
20251019,3,0,,1
20251020,1,0,,1
20251021,1,0,,1
20251022,1,0,,1
20251023,1,0,,1
20251024,1,0,,1
20251025,2,0,,1
20251026,3,0,,1
20251027,1,0,,1
20251028,1,0,,1
20251029,1,0,,1
20251030,1,0,,1
20251031,1,0,,1
20251101,3,1,Dia de todos os Santos,1
20251102,3,0,,1
20251103,1,0,,1
20251104,1,0,,1
20251105,1,0,,1
20251106,1,0,,1
20251107,1,0,,1
20251108,2,0,,1
20251109,3,0,,1
20251110,1,0,,1
20251111,1,0,,1
20251112,1,0,,1
20251113,1,0,,1
20251114,1,0,,1
20251115,2,0,,1
20251116,3,0,,1
20251117,1,0,,1
20251118,1,0,,1
20251119,1,0,,1
20251120,1,0,,1
20251121,1,0,,1
20251122,2,0,,1
20251123,3,0,,1
20251124,1,0,,1
20251125,1,0,,1
20251126,1,0,,1
20251127,1,0,,1
20251128,1,0,,1
20251129,2,0,,1
20251130,3,0,,1
20251201,3,1,Restauração da Independência,1
20251202,1,0,,1
20251203,1,0,,1
20251204,1,0,,1
20251205,1,0,,1
20251206,2,0,,1
20251207,3,0,,1
20251208,3,1,Dia da Imaculada Conceição,1
20251209,1,0,,1
20251210,1,0,,1
20251211,1,0,,1
20251212,1,0,,1
20251213,2,0,,1
20251214,3,0,,1
20251215,1,0,,1
20251216,1,0,,1
20251217,1,0,,1
20251218,1,0,,1
20251219,1,0,,1
20251220,2,0,,2
20251221,3,0,,2
20251222,1,0,,2
20251223,1,0,,2
20251224,1,0,,2
20251225,3,1,Dia de Natal,2
20251226,1,0,,2
20251227,2,0,,2
20251228,3,0,,2
20251229,1,0,,2
20251230,1,0,,2
20251231,1,0,,2
20260101,3,1,Dia de Ano Novo,2
20260102,1,0,,2
20260103,2,0,,1
20260104,3,0,,1
20260105,1,0,,1
20260106,1,0,,1
20260107,1,0,,1
20260108,1,0,,1
20260109,1,0,,1
20260110,2,0,,1
20260111,3,0,,1
20260112,1,0,,1
20260113,1,0,,1
20260114,1,0,,1
20260115,1,0,,1
20260116,1,0,,1
20260117,2,0,,1
20260118,3,0,,1
20260119,1,0,,1
20260120,1,0,,1
20260121,1,0,,1
20260122,1,0,,1
20260123,1,0,,1
20260124,2,0,,1
20260125,3,0,,1
20260126,1,0,,1
20260127,1,0,,1
20260128,1,0,,1
20260129,1,0,,1
20260130,1,0,,1
20260131,2,0,,1
20260201,3,0,,1
20260202,1,0,,1
20260203,1,0,,1
20260204,1,0,,1
20260205,1,0,,1
20260206,1,0,,1
20260207,2,0,,1
20260208,3,0,,1
20260209,1,0,,1
20260210,1,0,,1
20260211,1,0,,2
20260212,1,0,,2
20260213,1,0,,2
20260214,2,0,,1
20260215,3,0,,1
20260216,1,0,,1
20260217,1,0,,1
20260218,1,0,,1
20260219,1,0,,1
20260220,1,0,,1
20260221,2,0,,1
20260222,3,0,,1
20260223,1,0,,1
20260224,1,0,,1
20260225,1,0,,1
20260226,1,0,,1
20260227,1,0,,1
20260228,2,0,,1
20260301,3,0,,1
20260302,1,0,,1
20260303,1,0,,1
20260304,1,0,,1
20260305,1,0,,1
20260306,1,0,,1
20260307,2,0,,1
20260308,3,0,,1
20260309,1,0,,1
20260310,1,0,,1
20260311,1,0,,1
20260312,1,0,,1
20260313,1,0,,1
20260314,2,0,,1
20260315,3,0,,1
20260316,1,0,,1
20260317,1,0,,1
20260318,1,0,,1
20260319,1,0,,1
20260320,1,0,,1
20260321,2,0,,1
20260322,3,0,,1
20260323,1,0,,1
20260324,1,0,,1
20260325,1,0,,1
20260326,1,0,,1
20260327,1,0,,1
20260328,2,0,,1
20260329,3,0,,1
20260330,1,0,,1
20260331,1,0,,1
20260401,1,0,,1
20260402,1,0,,1
20260403,1,0,,1
20260404,2,0,,1
20260405,3,0,,1
20260406,1,0,,1
20260407,1,0,,1
20260408,1,0,,1
20260409,1,0,,1
20260410,1,0,,1
20260411,2,0,,1
20260412,3,0,,1
20260413,1,0,,1
20260414,1,0,,1
20260415,1,0,,1
20260416,1,0,,1
20260417,1,0,,1
20260418,2,0,,1
20260419,3,0,,1
20260420,1,0,,1
20260421,1,0,,1
20260422,1,0,,1
20260423,1,0,,1
20260424,1,0,,1
20260425,3,1,25 de Abril,1
20260426,3,0,,1
20260427,1,0,,1
20260428,1,0,,1
20260429,1,0,,1
20260430,1,0,,1
20260501,3,1,Dia do Trabalhador,1
20260502,2,0,,1
20260503,3,0,,1
20260504,1,0,,1
20260505,1,0,,1
20260506,1,0,,1
20260507,1,0,,1
20260508,1,0,,1
20260509,2,0,,1
20260510,3,0,,1
20260511,1,0,,1
20260512,1,0,,1
20260513,1,0,,1
20260514,1,0,,1
20260515,1,0,,1
20260516,2,0,,1
20260517,3,0,,1
20260518,1,0,,1
20260519,1,0,,1
20260520,1,0,,1
20260521,1,0,,1
20260522,1,0,,1
20260523,2,0,,1
20260524,3,0,,1
20260525,1,0,,1
20260526,1,0,,1
20260527,1,0,,1
20260528,1,0,,1
20260529,1,0,,1
20260530,2,0,,1
20260531,3,0,,1
20260601,1,0,,1
20260602,1,0,,1
20260603,1,0,,1
20260604,3,1,Corpo de Deus,1
20260605,1,0,,1
20260606,2,0,,1
20260607,3,0,,1
20260608,1,0,,1
20260609,1,0,,1
20260610,3,1,Dia de Portugal,1
20260611,1,0,,1
20260612,1,0,,1
20260613,2,0,,1
20260614,3,0,,1
20260615,1,0,,1
20260616,1,0,,1
20260617,1,0,,1
20260618,1,0,,1
20260619,1,0,,1
20260620,2,0,,1
20260621,3,0,,1
20260622,1,0,,1
20260623,1,0,,1
20260624,1,0,,1
20260625,1,0,,1
20260626,1,0,,1
20260627,2,0,,1
20260628,3,0,,1
20260629,1,0,,1
20260630,1,0,,1
20260701,1,0,,3
20260702,1,0,,3
20260703,1,0,,3
20260704,2,0,,3
20260705,3,0,,3
20260706,1,0,,3
20260707,1,0,,3
20260708,1,0,,3
20260709,1,0,,3
20260710,1,0,,3
20260711,2,0,,3
20260712,3,0,,3
20260713,1,0,,3
20260714,1,0,,3
20260715,1,0,,3
20260716,1,0,,3
20260717,1,0,,3
20260718,2,0,,3
20260719,3,0,,3
20260720,1,0,,3
20260721,1,0,,3
20260722,1,0,,3
20260723,1,0,,3
20260724,1,0,,3
20260725,2,0,,3
20260726,3,0,,3
20260727,1,0,,3
20260728,1,0,,3
20260729,1,0,,3
20260730,1,0,,3
20260731,1,0,,3
20260801,2,0,,3
20260802,3,0,,3
20260803,1,0,,3
20260804,1,0,,3
20260805,1,0,,3
20260806,1,0,,3
20260807,1,0,,3
20260808,2,0,,3
20260809,3,0,,3
20260810,1,0,,3
20260811,1,0,,3
20260812,1,0,,3
20260813,1,0,,3
20260814,1,0,,3
20260815,3,1,Assunção de Nossa Senhora,3
20260816,3,0,,3
20260817,1,0,,3
20260818,1,0,,3
20260819,1,0,,3
20260820,1,0,,3
20260821,1,0,,3
20260822,2,0,,3
20260823,3,0,,3
20260824,1,0,,3
20260825,1,0,,3
20260826,1,0,,3
20260827,1,0,,3
20260828,1,0,,3
20260829,2,0,,3
20260830,3,0,,3
20260831,1,0,,3
20260901,1,0,,2
20260902,1,0,,2
20260903,1,0,,2
20260904,1,0,,2
20260905,2,0,,2
20260906,3,0,,2
20260907,1,0,,2
20260908,1,0,,2
20260909,1,0,,2
20260910,1,0,,2
20260911,1,0,,2
20260912,2,0,,2
20260913,3,0,,2
20260914,1,0,,1
20260915,1,0,,1
20260916,1,0,,1
20260917,1,0,,1
20260918,1,0,,1
20260919,2,0,,1
20260920,3,0,,1
20260921,1,0,,1
20260922,1,0,,1
20260923,1,0,,1
20260924,1,0,,1
20260925,1,0,,1
20260926,2,0,,1
20260927,3,0,,1
20260928,1,0,,1
20260929,1,0,,1
20260930,1,0,,1
20261001,1,0,,1
20261002,1,0,,1
20261003,2,0,,1
20261004,3,0,,1
20261005,3,1,Implantação da República,1
20261006,1,0,,1
20261007,1,0,,1
20261008,1,0,,1
20261009,1,0,,1
20261010,2,0,,1
20261011,3,0,,1
20261012,1,0,,1
20261013,1,0,,1
20261014,1,0,,1
20261015,1,0,,1
20261016,1,0,,1
20261017,2,0,,1
20261018,3,0,,1
20261019,1,0,,1
20261020,1,0,,1
20261021,1,0,,1
20261022,1,0,,1
20261023,1,0,,1
20261024,2,0,,1
20261025,3,0,,1
20261026,1,0,,1
20261027,1,0,,1
20261028,1,0,,1
20261029,1,0,,1
20261030,1,0,,1
20261031,2,0,,1
20261101,3,1,Dia de todos os Santos,1
20261102,1,0,,1
20261103,1,0,,1
20261104,1,0,,1
20261105,1,0,,1
20261106,1,0,,1
20261107,2,0,,1
20261108,3,0,,1
20261109,1,0,,1
20261110,1,0,,1
20261111,1,0,,1
20261112,1,0,,1
20261113,1,0,,1
20261114,2,0,,1
20261115,3,0,,1
20261116,1,0,,1
20261117,1,0,,1
20261118,1,0,,1
20261119,1,0,,1
20261120,1,0,,1
20261121,2,0,,1
20261122,3,0,,1
20261123,1,0,,1
20261124,1,0,,1
20261125,1,0,,1
20261126,1,0,,1
20261127,1,0,,1
20261128,2,0,,1
20261129,3,0,,1
20261130,1,0,,1
20261201,3,1,Restauração da Independência,1
20261202,1,0,,1
20261203,1,0,,1
20261204,1,0,,1
20261205,2,0,,1
20261206,3,0,,1
20261207,1,0,,1
20261208,3,1,Dia da Imaculada Conceição,1
20261209,1,0,,1
20261210,1,0,,1
20261211,1,0,,1
20261212,2,0,,1
20261213,3,0,,1
20261214,1,0,,1
20261215,1,0,,1
20261216,1,0,,1
20261217,1,0,,1
20261218,1,0,,1
20261219,2,0,,2
20261220,3,0,,2
20261221,1,0,,2
20261222,1,0,,2
20261223,1,0,,2
20261224,1,0,,2
20261225,3,1,Dia de Natal,2
20261226,2,0,,2
20261227,3,0,,2
20261228,1,0,,2
20261229,1,0,,2
20261230,1,0,,2
20261231,1,0,,2
20270101,3,1,Dia de Ano Novo,2
20270102,2,0,,2
20270103,3,0,,1
20270104,1,0,,1
20270105,1,0,,1
20270106,1,0,,1
20270107,1,0,,1
20270108,1,0,,1
20270109,2,0,,1
20270110,3,0,,1
20270111,1,0,,1
20270112,1,0,,1
20270113,1,0,,1
20270114,1,0,,1
20270115,1,0,,1
20270116,2,0,,1
20270117,3,0,,1
20270118,1,0,,1
20270119,1,0,,1
20270120,1,0,,1
20270121,1,0,,1
20270122,1,0,,1
20270123,2,0,,1
20270124,3,0,,1
20270125,1,0,,1
20270126,1,0,,1
20270127,1,0,,1
20270128,1,0,,1
20270129,1,0,,1
20270130,2,0,,1
20270131,3,0,,1
20270201,1,0,,1
20270202,1,0,,1
20270203,1,0,,1
20270204,1,0,,1
20270205,1,0,,1
20270206,2,0,,1
20270207,3,0,,1
20270208,1,0,,1
20270209,1,0,,1
20270210,1,0,,2
20270211,1,0,,2
20270212,1,0,,2
20270213,2,0,,1
20270214,3,0,,1
20270215,1,0,,1
20270216,1,0,,1
20270217,1,0,,1
20270218,1,0,,1
20270219,1,0,,1
20270220,2,0,,1
20270221,3,0,,1
20270222,1,0,,1
20270223,1,0,,1
20270224,1,0,,1
20270225,1,0,,1
20270226,1,0,,1
20270227,2,0,,1
20270228,3,0,,1
20270301,1,0,,1
20270302,1,0,,1
20270303,1,0,,1
20270304,1,0,,1
20270305,1,0,,1
20270306,2,0,,1
20270307,3,0,,1
20270308,1,0,,1
20270309,1,0,,1
20270310,1,0,,1
20270311,1,0,,1
20270312,1,0,,1
20270313,2,0,,1
20270314,3,0,,1
20270315,1,0,,1
20270316,1,0,,1
20270317,1,0,,1
20270318,1,0,,1
20270319,1,0,,1
20270320,2,0,,1
20270321,3,0,,1
20270322,1,0,,1
20270323,1,0,,1
20270324,1,0,,1
20270325,1,0,,1
20270326,1,0,,1
20270327,2,0,,1
20270328,3,0,,1
20270329,1,0,,1
20270330,1,0,,1
20270331,1,0,,1
20270401,1,0,,1
20270402,1,0,,1
20270403,2,0,,1
20270404,3,0,,1
20270405,1,0,,1
20270406,1,0,,1
20270407,1,0,,1
20270408,1,0,,1
20270409,1,0,,1
20270410,2,0,,1
20270411,3,0,,1
20270412,1,0,,1
20270413,1,0,,1
20270414,1,0,,1
20270415,1,0,,1
20270416,1,0,,1
20270417,2,0,,1
20270418,3,0,,1
20270419,1,0,,1
20270420,1,0,,1
20270421,1,0,,1
20270422,1,0,,1
20270423,1,0,,1
20270424,2,0,,1
20270425,3,1,25 de Abril,1
20270426,1,0,,1
20270427,1,0,,1
20270428,1,0,,1
20270429,1,0,,1
20270430,1,0,,1
20270501,3,1,Dia do Trabalhador,1
20270502,3,0,,1
20270503,1,0,,1
20270504,1,0,,1
20270505,1,0,,1
20270506,1,0,,1
20270507,1,0,,1
20270508,2,0,,1
20270509,3,0,,1
20270510,1,0,,1
20270511,1,0,,1
20270512,1,0,,1
20270513,1,0,,1
20270514,1,0,,1
20270515,2,0,,1
20270516,3,0,,1
20270517,1,0,,1
20270518,1,0,,1
20270519,1,0,,1
20270520,1,0,,1
20270521,1,0,,1
20270522,2,0,,1
20270523,3,0,,1
20270524,1,0,,1
20270525,1,0,,1
20270526,1,0,,1
20270527,3,1,Corpo de Deus,1
20270528,1,0,,1
20270529,2,0,,1
20270530,3,0,,1
20270531,1,0,,1
20270601,1,0,,1
20270602,1,0,,1
20270603,1,0,,1
20270604,1,0,,1
20270605,2,0,,1
20270606,3,0,,1
20270607,1,0,,1
20270608,1,0,,1
20270609,1,0,,1
20270610,3,1,Dia de Portugal,1
20270611,1,0,,1
20270612,2,0,,1
20270613,3,0,,1
20270614,1,0,,1
20270615,1,0,,1
20270616,1,0,,1
20270617,1,0,,1
20270618,1,0,,1
20270619,2,0,,1
20270620,3,0,,1
20270621,1,0,,1
20270622,1,0,,1
20270623,1,0,,1
20270624,1,0,,1
20270625,1,0,,1
20270626,2,0,,1
20270627,3,0,,1
20270628,1,0,,1
20270629,1,0,,1
20270630,1,0,,1
20270701,1,0,,3
20270702,1,0,,3
20270703,2,0,,3
20270704,3,0,,3
20270705,1,0,,3
20270706,1,0,,3
20270707,1,0,,3
20270708,1,0,,3
20270709,1,0,,3
20270710,2,0,,3
20270711,3,0,,3
20270712,1,0,,3
20270713,1,0,,3
20270714,1,0,,3
20270715,1,0,,3
20270716,1,0,,3
20270717,2,0,,3
20270718,3,0,,3
20270719,1,0,,3
20270720,1,0,,3
20270721,1,0,,3
20270722,1,0,,3
20270723,1,0,,3
20270724,2,0,,3
20270725,3,0,,3
20270726,1,0,,3
20270727,1,0,,3
20270728,1,0,,3
20270729,1,0,,3
20270730,1,0,,3
20270731,2,0,,3
20270801,3,0,,3
20270802,1,0,,3
20270803,1,0,,3
20270804,1,0,,3
20270805,1,0,,3
20270806,1,0,,3
20270807,2,0,,3
20270808,3,0,,3
20270809,1,0,,3
20270810,1,0,,3
20270811,1,0,,3
20270812,1,0,,3
20270813,1,0,,3
20270814,2,0,,3
20270815,3,1,Assunção de Nossa Senhora,3
20270816,1,0,,3
20270817,1,0,,3
20270818,1,0,,3
20270819,1,0,,3
20270820,1,0,,3
20270821,2,0,,3
20270822,3,0,,3
20270823,1,0,,3
20270824,1,0,,3
20270825,1,0,,3
20270826,1,0,,3
20270827,1,0,,3
20270828,2,0,,3
20270829,3,0,,3
20270830,1,0,,3
20270831,1,0,,3
20270901,1,0,,2
20270902,1,0,,2
20270903,1,0,,2
20270904,2,0,,2
20270905,3,0,,2
20270906,1,0,,2
20270907,1,0,,2
20270908,1,0,,2
20270909,1,0,,2
20270910,1,0,,2
20270911,2,0,,2
20270912,3,0,,2
20270913,1,0,,1
20270914,1,0,,1
20270915,1,0,,1
20270916,1,0,,1
20270917,1,0,,1
20270918,2,0,,1
20270919,3,0,,1
20270920,1,0,,1
20270921,1,0,,1
20270922,1,0,,1
20270923,1,0,,1
20270924,1,0,,1
20270925,2,0,,1
20270926,3,0,,1
20270927,1,0,,1
20270928,1,0,,1
20270929,1,0,,1
20270930,1,0,,1
20271001,1,0,,1
20271002,2,0,,1
20271003,3,0,,1
20271004,1,0,,1
20271005,3,1,Implantação da República,1
20271006,1,0,,1
20271007,1,0,,1
20271008,1,0,,1
20271009,2,0,,1
20271010,3,0,,1
20271011,1,0,,1
20271012,1,0,,1
20271013,1,0,,1
20271014,1,0,,1
20271015,1,0,,1
20271016,2,0,,1
20271017,3,0,,1
20271018,1,0,,1
20271019,1,0,,1
20271020,1,0,,1
20271021,1,0,,1
20271022,1,0,,1
20271023,2,0,,1
20271024,3,0,,1
20271025,1,0,,1
20271026,1,0,,1
20271027,1,0,,1
20271028,1,0,,1
20271029,1,0,,1
20271030,2,0,,1
20271031,3,0,,1
20271101,3,1,Dia de todos os Santos,1
20271102,1,0,,1
20271103,1,0,,1
20271104,1,0,,1
20271105,1,0,,1
20271106,2,0,,1
20271107,3,0,,1
20271108,1,0,,1
20271109,1,0,,1
20271110,1,0,,1
20271111,1,0,,1
20271112,1,0,,1
20271113,2,0,,1
20271114,3,0,,1
20271115,1,0,,1
20271116,1,0,,1
20271117,1,0,,1
20271118,1,0,,1
20271119,1,0,,1
20271120,2,0,,1
20271121,3,0,,1
20271122,1,0,,1
20271123,1,0,,1
20271124,1,0,,1
20271125,1,0,,1
20271126,1,0,,1
20271127,2,0,,1
20271128,3,0,,1
20271129,1,0,,1
20271130,1,0,,1
20271201,3,1,Restauração da Independência,1
20271202,1,0,,1
20271203,1,0,,1
20271204,2,0,,1
20271205,3,0,,1
20271206,1,0,,1
20271207,1,0,,1
20271208,3,1,Dia da Imaculada Conceição,1
20271209,1,0,,1
20271210,1,0,,1
20271211,2,0,,1
20271212,3,0,,1
20271213,1,0,,1
20271214,1,0,,1
20271215,1,0,,1
20271216,1,0,,1
20271217,1,0,,1
20271218,2,0,,1
20271219,3,0,,1
20271220,1,0,,1
20271221,1,0,,1
20271222,1,0,,1
20271223,1,0,,1
20271224,1,0,,2
20271225,3,1,Dia de Natal,2
20271226,3,0,,2
20271227,1,0,,2
20271228,1,0,,2
20271229,1,0,,2
20271230,1,0,,2
20271231,1,0,,2
20280101,3,1,Dia de Ano Novo,2
20280102,3,0,,2
20280103,1,0,,1
20280104,1,0,,1
20280105,1,0,,1
20280106,1,0,,1
20280107,1,0,,1
20280108,2,0,,1
20280109,3,0,,1
20280110,1,0,,1
20280111,1,0,,1
20280112,1,0,,1
20280113,1,0,,1
20280114,1,0,,1
20280115,2,0,,1
20280116,3,0,,1
20280117,1,0,,1
20280118,1,0,,1
20280119,1,0,,1
20280120,1,0,,1
20280121,1,0,,1
20280122,2,0,,1
20280123,3,0,,1
20280124,1,0,,1
20280125,1,0,,1
20280126,1,0,,1
20280127,1,0,,1
20280128,1,0,,1
20280129,2,0,,1
20280130,3,0,,1
20280131,1,0,,1
20280201,1,0,,1
20280202,1,0,,1
20280203,1,0,,1
20280204,1,0,,1
20280205,2,0,,1
20280206,3,0,,1
20280207,1,0,,1
20280208,1,0,,1
20280209,1,0,,2
20280210,1,0,,2
20280211,1,0,,2
20280212,2,0,,1
20280213,3,0,,1
20280214,1,0,,1
20280215,1,0,,1
20280216,1,0,,1
20280217,1,0,,1
20280218,1,0,,1
20280219,2,0,,1
20280220,3,0,,1
20280221,1,0,,1
20280222,1,0,,1
20280223,1,0,,1
20280224,1,0,,1
20280225,1,0,,1
20280226,2,0,,1
20280227,3,0,,1
20280228,1,0,,1
20280229,1,0,,1
20280301,1,0,,1
20280302,1,0,,1
20280303,1,0,,1
20280304,2,0,,1
20280305,3,0,,1
20280306,1,0,,1
20280307,1,0,,1
20280308,1,0,,1
20280309,1,0,,1
20280310,1,0,,1
20280311,2,0,,1
20280312,3,0,,1
20280313,1,0,,1
20280314,1,0,,1
20280315,1,0,,1
20280316,1,0,,1
20280317,1,0,,1
20280318,2,0,,1
20280319,3,0,,1
20280320,1,0,,1
20280321,1,0,,1
20280322,1,0,,1
20280323,1,0,,1
20280324,1,0,,1
20280325,2,0,,1
20280326,3,0,,1
20280327,1,0,,1
20280328,1,0,,1
20280329,1,0,,1
20280330,1,0,,1
20280331,1,0,,1
20280401,2,0,,1
20280402,3,0,,1
20280403,1,0,,1
20280404,1,0,,1
20280405,1,0,,1
20280406,1,0,,1
20280407,1,0,,1
20280408,2,0,,1
20280409,3,0,,1
20280410,1,0,,1
20280411,1,0,,1
20280412,1,0,,1
20280413,1,0,,1
20280414,1,0,,1
20280415,2,0,,1
20280416,3,0,,1
20280417,1,0,,1
20280418,1,0,,1
20280419,1,0,,1
20280420,1,0,,1
20280421,1,0,,1
20280422,2,0,,1
20280423,3,0,,1
20280424,1,0,,1
20280425,3,1,25 de Abril,1
20280426,1,0,,1
20280427,1,0,,1
20280428,1,0,,1
20280429,2,0,,1
20280430,3,0,,1
20280501,3,1,Dia do Trabalhador,1
20280502,1,0,,1
20280503,1,0,,1
20280504,1,0,,1
20280505,1,0,,1
20280506,2,0,,1
20280507,3,0,,1
20280508,1,0,,1
20280509,1,0,,1
20280510,1,0,,1
20280511,1,0,,1
20280512,1,0,,1
20280513,2,0,,1
20280514,3,0,,1
20280515,1,0,,1
20280516,1,0,,1
20280517,1,0,,1
20280518,1,0,,1
20280519,1,0,,1
20280520,2,0,,1
20280521,3,0,,1
20280522,1,0,,1
20280523,1,0,,1
20280524,1,0,,1
20280525,1,0,,1
20280526,1,0,,1
20280527,2,0,,1
20280528,3,0,,1
20280529,1,0,,1
20280530,1,0,,1
20280531,1,0,,1
20280601,1,0,,1
20280602,1,0,,1
20280603,2,0,,1
20280604,3,0,,1
20280605,1,0,,1
20280606,1,0,,1
20280607,1,0,,1
20280608,1,0,,1
20280609,1,0,,1
20280610,3,1,Dia de Portugal,1
20280611,3,0,,1
20280612,1,0,,1
20280613,1,0,,1
20280614,1,0,,1
20280615,3,1,Corpo de Deus,1
20280616,1,0,,1
20280617,2,0,,1
20280618,3,0,,1
20280619,1,0,,1
20280620,1,0,,1
20280621,1,0,,1
20280622,1,0,,1
20280623,1,0,,1
20280624,2,0,,1
20280625,3,0,,1
20280626,1,0,,1
20280627,1,0,,1
20280628,1,0,,1
20280629,1,0,,1
20280630,1,0,,1
20280701,2,0,,3
20280702,3,0,,3
20280703,1,0,,3
20280704,1,0,,3
20280705,1,0,,3
20280706,1,0,,3
20280707,1,0,,3
20280708,2,0,,3
20280709,3,0,,3
20280710,1,0,,3
20280711,1,0,,3
20280712,1,0,,3
20280713,1,0,,3
20280714,1,0,,3
20280715,2,0,,3
20280716,3,0,,3
20280717,1,0,,3
20280718,1,0,,3
20280719,1,0,,3
20280720,1,0,,3
20280721,1,0,,3
20280722,2,0,,3
20280723,3,0,,3
20280724,1,0,,3
20280725,1,0,,3
20280726,1,0,,3
20280727,1,0,,3
20280728,1,0,,3
20280729,2,0,,3
20280730,3,0,,3
20280731,1,0,,3
20280801,1,0,,3
20280802,1,0,,3
20280803,1,0,,3
20280804,1,0,,3
20280805,2,0,,3
20280806,3,0,,3
20280807,1,0,,3
20280808,1,0,,3
20280809,1,0,,3
20280810,1,0,,3
20280811,1,0,,3
20280812,2,0,,3
20280813,3,0,,3
20280814,1,0,,3
20280815,3,1,Assunção de Nossa Senhora,3
20280816,1,0,,3
20280817,1,0,,3
20280818,1,0,,3
20280819,2,0,,3
20280820,3,0,,3
20280821,1,0,,3
20280822,1,0,,3
20280823,1,0,,3
20280824,1,0,,3
20280825,1,0,,3
20280826,2,0,,3
20280827,3,0,,3
20280828,1,0,,3
20280829,1,0,,3
20280830,1,0,,3
20280831,1,0,,3
20280901,1,0,,2
20280902,2,0,,2
20280903,3,0,,2
20280904,1,0,,2
20280905,1,0,,2
20280906,1,0,,2
20280907,1,0,,2
20280908,1,0,,2
20280909,2,0,,2
20280910,3,0,,2
20280911,1,0,,1
20280912,1,0,,1
20280913,1,0,,1
20280914,1,0,,1
20280915,1,0,,1
20280916,2,0,,1
20280917,3,0,,1
20280918,1,0,,1
20280919,1,0,,1
20280920,1,0,,1
20280921,1,0,,1
20280922,1,0,,1
20280923,2,0,,1
20280924,3,0,,1
20280925,1,0,,1
20280926,1,0,,1
20280927,1,0,,1
20280928,1,0,,1
20280929,1,0,,1
20280930,2,0,,1
20281001,3,0,,1
20281002,1,0,,1
20281003,1,0,,1
20281004,1,0,,1
20281005,3,1,Implantação da República,1
20281006,1,0,,1
20281007,2,0,,1
20281008,3,0,,1
20281009,1,0,,1
20281010,1,0,,1
20281011,1,0,,1
20281012,1,0,,1
20281013,1,0,,1
20281014,2,0,,1
20281015,3,0,,1
20281016,1,0,,1
20281017,1,0,,1
20281018,1,0,,1
20281019,1,0,,1
20281020,1,0,,1
20281021,2,0,,1
20281022,3,0,,1
20281023,1,0,,1
20281024,1,0,,1
20281025,1,0,,1
20281026,1,0,,1
20281027,1,0,,1
20281028,2,0,,1
20281029,3,0,,1
20281030,1,0,,1
20281031,1,0,,1
20281101,3,1,Dia de todos os Santos,1
20281102,1,0,,1
20281103,1,0,,1
20281104,2,0,,1
20281105,3,0,,1
20281106,1,0,,1
20281107,1,0,,1
20281108,1,0,,1
20281109,1,0,,1
20281110,1,0,,1
20281111,2,0,,1
20281112,3,0,,1
20281113,1,0,,1
20281114,1,0,,1
20281115,1,0,,1
20281116,1,0,,1
20281117,1,0,,1
20281118,2,0,,1
20281119,3,0,,1
20281120,1,0,,1
20281121,1,0,,1
20281122,1,0,,1
20281123,1,0,,1
20281124,1,0,,1
20281125,2,0,,1
20281126,3,0,,1
20281127,1,0,,1
20281128,1,0,,1
20281129,1,0,,1
20281130,1,0,,1
20281201,3,1,Restauração da Independência,1
20281202,2,0,,1
20281203,3,0,,1
20281204,1,0,,1
20281205,1,0,,1
20281206,1,0,,1
20281207,1,0,,1
20281208,3,1,Dia da Imaculada Conceição,1
20281209,2,0,,1
20281210,3,0,,1
20281211,1,0,,1
20281212,1,0,,1
20281213,1,0,,1
20281214,1,0,,1
20281215,1,0,,1
20281216,2,0,,1
20281217,3,0,,1
20281218,1,0,,1
20281219,1,0,,1
20281220,1,0,,1
20281221,1,0,,1
20281222,1,0,,1
20281223,2,0,,2
20281224,3,0,,2
20281225,3,1,Dia de Natal,2
20281226,1,0,,2
20281227,1,0,,2
20281228,1,0,,2
20281229,1,0,,2
20281230,2,0,,2
20281231,3,0,,2
20290101,3,1,Dia de Ano Novo,2
20290102,1,0,,2
20290103,1,0,,1
20290104,1,0,,1
20290105,1,0,,1
20290106,2,0,,1
20290107,3,0,,1
20290108,1,0,,1
20290109,1,0,,1
20290110,1,0,,1
20290111,1,0,,1
20290112,1,0,,1
20290113,2,0,,1
20290114,3,0,,1
20290115,1,0,,1
20290116,1,0,,1
20290117,1,0,,1
20290118,1,0,,1
20290119,1,0,,1
20290120,2,0,,1
20290121,3,0,,1
20290122,1,0,,1
20290123,1,0,,1
20290124,1,0,,1
20290125,1,0,,1
20290126,1,0,,1
20290127,2,0,,1
20290128,3,0,,1
20290129,1,0,,1
20290130,1,0,,1
20290131,1,0,,1
20290201,1,0,,1
20290202,1,0,,1
20290203,2,0,,1
20290204,3,0,,1
20290205,1,0,,1
20290206,1,0,,1
20290207,1,0,,2
20290208,1,0,,2
20290209,1,0,,2
20290210,2,0,,1
20290211,3,0,,1
20290212,1,0,,1
20290213,1,0,,1
20290214,1,0,,1
20290215,1,0,,1
20290216,1,0,,1
20290217,2,0,,1
20290218,3,0,,1
20290219,1,0,,1
20290220,1,0,,1
20290221,1,0,,1
20290222,1,0,,1
20290223,1,0,,1
20290224,2,0,,1
20290225,3,0,,1
20290226,1,0,,1
20290227,1,0,,1
20290228,1,0,,1
20290301,1,0,,1
20290302,1,0,,1
20290303,2,0,,1
20290304,3,0,,1
20290305,1,0,,1
20290306,1,0,,1
20290307,1,0,,1
20290308,1,0,,1
20290309,1,0,,1
20290310,2,0,,1
20290311,3,0,,1
20290312,1,0,,1
20290313,1,0,,1
20290314,1,0,,1
20290315,1,0,,1
20290316,1,0,,1
20290317,2,0,,1
20290318,3,0,,1
20290319,1,0,,1
20290320,1,0,,1
20290321,1,0,,1
20290322,1,0,,1
20290323,1,0,,1
20290324,2,0,,1
20290325,3,0,,1
20290326,1,0,,1
20290327,1,0,,1
20290328,1,0,,1
20290329,1,0,,1
20290330,1,0,,1
20290331,2,0,,1
20290401,3,0,,1
20290402,1,0,,1
20290403,1,0,,1
20290404,1,0,,1
20290405,1,0,,1
20290406,1,0,,1
20290407,2,0,,1
20290408,3,0,,1
20290409,1,0,,1
20290410,1,0,,1
20290411,1,0,,1
20290412,1,0,,1
20290413,1,0,,1
20290414,2,0,,1
20290415,3,0,,1
20290416,1,0,,1
20290417,1,0,,1
20290418,1,0,,1
20290419,1,0,,1
20290420,1,0,,1
20290421,2,0,,1
20290422,3,0,,1
20290423,1,0,,1
20290424,1,0,,1
20290425,3,1,25 de Abril,1
20290426,1,0,,1
20290427,1,0,,1
20290428,2,0,,1
20290429,3,0,,1
20290430,1,0,,1
20290501,3,1,Dia do Trabalhador,1
20290502,1,0,,1
20290503,1,0,,1
20290504,1,0,,1
20290505,2,0,,1
20290506,3,0,,1
20290507,1,0,,1
20290508,1,0,,1
20290509,1,0,,1
20290510,1,0,,1
20290511,1,0,,1
20290512,2,0,,1
20290513,3,0,,1
20290514,1,0,,1
20290515,1,0,,1
20290516,1,0,,1
20290517,1,0,,1
20290518,1,0,,1
20290519,2,0,,1
20290520,3,0,,1
20290521,1,0,,1
20290522,1,0,,1
20290523,1,0,,1
20290524,1,0,,1
20290525,1,0,,1
20290526,2,0,,1
20290527,3,0,,1
20290528,1,0,,1
20290529,1,0,,1
20290530,1,0,,1
20290531,3,1,Corpo de Deus,1
20290601,1,0,,1
20290602,2,0,,1
20290603,3,0,,1
20290604,1,0,,1
20290605,1,0,,1
20290606,1,0,,1
20290607,1,0,,1
20290608,1,0,,1
20290609,2,0,,1
20290610,3,1,Dia de Portugal,1
20290611,1,0,,1
20290612,1,0,,1
20290613,1,0,,1
20290614,1,0,,1
20290615,1,0,,1
20290616,2,0,,1
20290617,3,0,,1
20290618,1,0,,1
20290619,1,0,,1
20290620,1,0,,1
20290621,1,0,,1
20290622,1,0,,1
20290623,2,0,,1
20290624,3,0,,1
20290625,1,0,,1
20290626,1,0,,1
20290627,1,0,,1
20290628,1,0,,1
20290629,1,0,,1
20290630,2,0,,1
20290701,3,0,,3
20290702,1,0,,3
20290703,1,0,,3
20290704,1,0,,3
20290705,1,0,,3
20290706,1,0,,3
20290707,2,0,,3
20290708,3,0,,3
20290709,1,0,,3
20290710,1,0,,3
20290711,1,0,,3
20290712,1,0,,3
20290713,1,0,,3
20290714,2,0,,3
20290715,3,0,,3
20290716,1,0,,3
20290717,1,0,,3
20290718,1,0,,3
20290719,1,0,,3
20290720,1,0,,3
20290721,2,0,,3
20290722,3,0,,3
20290723,1,0,,3
20290724,1,0,,3
20290725,1,0,,3
20290726,1,0,,3
20290727,1,0,,3
20290728,2,0,,3
20290729,3,0,,3
20290730,1,0,,3
20290731,1,0,,3
20290801,1,0,,3
20290802,1,0,,3
20290803,1,0,,3
20290804,2,0,,3
20290805,3,0,,3
20290806,1,0,,3
20290807,1,0,,3
20290808,1,0,,3
20290809,1,0,,3
20290810,1,0,,3
20290811,2,0,,3
20290812,3,0,,3
20290813,1,0,,3
20290814,1,0,,3
20290815,3,1,Assunção de Nossa Senhora,3
20290816,1,0,,3
20290817,1,0,,3
20290818,2,0,,3
20290819,3,0,,3
20290820,1,0,,3
20290821,1,0,,3
20290822,1,0,,3
20290823,1,0,,3
20290824,1,0,,3
20290825,2,0,,3
20290826,3,0,,3
20290827,1,0,,3
20290828,1,0,,3
20290829,1,0,,3
20290830,1,0,,3
20290831,1,0,,3
20290901,2,0,,2
20290902,3,0,,2
20290903,1,0,,2
20290904,1,0,,2
20290905,1,0,,2
20290906,1,0,,2
20290907,1,0,,2
20290908,2,0,,2
20290909,3,0,,2
20290910,1,0,,1
20290911,1,0,,1
20290912,1,0,,1
20290913,1,0,,1
20290914,1,0,,1
20290915,2,0,,1
20290916,3,0,,1
20290917,1,0,,1
20290918,1,0,,1
20290919,1,0,,1
20290920,1,0,,1
20290921,1,0,,1
20290922,2,0,,1
20290923,3,0,,1
20290924,1,0,,1
20290925,1,0,,1
20290926,1,0,,1
20290927,1,0,,1
20290928,1,0,,1
20290929,2,0,,1
20290930,3,0,,1
20291001,1,0,,1
20291002,1,0,,1
20291003,1,0,,1
20291004,1,0,,1
20291005,3,1,Implantação da República,1
20291006,2,0,,1
20291007,3,0,,1
20291008,1,0,,1
20291009,1,0,,1
20291010,1,0,,1
20291011,1,0,,1
20291012,1,0,,1
20291013,2,0,,1
20291014,3,0,,1
20291015,1,0,,1
20291016,1,0,,1
20291017,1,0,,1
20291018,1,0,,1
20291019,1,0,,1
20291020,2,0,,1
20291021,3,0,,1
20291022,1,0,,1
20291023,1,0,,1
20291024,1,0,,1
20291025,1,0,,1
20291026,1,0,,1
20291027,2,0,,1
20291028,3,0,,1
20291029,1,0,,1
20291030,1,0,,1
20291031,1,0,,1
20291101,3,1,Dia de todos os Santos,1
20291102,1,0,,1
20291103,2,0,,1
20291104,3,0,,1
20291105,1,0,,1
20291106,1,0,,1
20291107,1,0,,1
20291108,1,0,,1
20291109,1,0,,1
20291110,2,0,,1
20291111,3,0,,1
20291112,1,0,,1
20291113,1,0,,1
20291114,1,0,,1
20291115,1,0,,1
20291116,1,0,,1
20291117,2,0,,1
20291118,3,0,,1
20291119,1,0,,1
20291120,1,0,,1
20291121,1,0,,1
20291122,1,0,,1
20291123,1,0,,1
20291124,2,0,,1
20291125,3,0,,1
20291126,1,0,,1
20291127,1,0,,1
20291128,1,0,,1
20291129,1,0,,1
20291130,1,0,,1
20291201,3,1,Restauração da Independência,1
20291202,3,0,,1
20291203,1,0,,1
20291204,1,0,,1
20291205,1,0,,1
20291206,1,0,,1
20291207,1,0,,1
20291208,3,1,Dia da Imaculada Conceição,1
20291209,3,0,,1
20291210,1,0,,1
20291211,1,0,,1
20291212,1,0,,1
20291213,1,0,,1
20291214,1,0,,1
20291215,2,0,,1
20291216,3,0,,1
20291217,1,0,,1
20291218,1,0,,1
20291219,1,0,,1
20291220,1,0,,1
20291221,1,0,,1
20291222,2,0,,2
20291223,3,0,,2
20291224,1,0,,2
20291225,3,1,Dia de Natal,2
20291226,1,0,,2
20291227,1,0,,2
20291228,1,0,,2
20291229,2,0,,2
20291230,3,0,,2
20291231,1,0,,2